100000029161308	1
100003224771351	1
100003530607699	1
100004213503943	1
100004635183086	1
1020277989	1
1206169397	1
1211466218	1
1310455366	1
1375044840	1
1380878126	1
1394447614	1
1480883214	1
1501954065	1
1540898152	1
1647653751	1
545044615	1
622771880	1
643953803	1
717170939	1
100000265417831	2
100000293621444	2
100000379123903	2
100000513341751	2
100000542471279	2
100000858923194	2
100001007200255	2
100001348535406	2
100001836457709	2
100003288136797	2
1002961800	2
1298816992	2
1400131820	2
1636246322	2
1683344253	2
1800475210	2
2901985	2
541453352	2
654674386	2
704154975	2
100000292167075	3
100000554282757	3
100000872303133	3
1050387948	3
1117601747	3
1222452	3
1260676618	3
1604540368	3
640524336	3
